title "artist"
by "Nonogrammer" from http://scc-forge.lancaster.ac.uk/open/nonogram/examples/Artist.non
copyright "&copy; Copyright P.R.H.Ainsworth November 2001"
maxrule 9
width 75
height 100
rows
2
2
2
2
2
2
4
4
6
4,1
5
4
4
4
4
4
4
5
6
3,2
3,2
3,2
3,2
3,2
3,2
6
6
7
4,2
4,2
4,2,5
4,2,8
7,9
7,11
7,11
7,13
5,1,1,5,5
5,1,2,7,5
5,2,2,7,6
5,2,2,2,13
5,2,5,12
5,2,3,1,13
5,2,4,17
5,2,2,2,15
5,1,2,3,14
5,1,5,1,12
5,1,5,1,12
5,1,5,16
5,1,5,2,13
5,2,5,2,14
5,2,5,4,15
5,2,6,6,1,16
5,1,11,1,1,1,14,1
5,1,9,2,2,7,6,1
5,1,9,7,7,9
5,1,16,8,8,1
5,1,14,8,8,1
5,1,21,8,1
5,1,20,9,1
5,2,5,8,8,1
5,3,8,8,1
5,3,7,5,2
5,3,6,5,2
3,1,3,4,3,7,1,4,2
12,3,4,5,3,2
12,2,3,5,2
12,1,7,6,2
12,4,2,4,9,2
3,1,1,2,2,3,13,2
5,1,3,2,17,2
5,21,19,2
5,19,20,2
5,4,22,2
5,33,2
5,11,20,2
5,12,27
5,12,28
5,11,29
5,9,30
5,8,30
5,9,30
5,8,7,3,5
5,8,7,5,5
5,8,6,6,5
5,8,4,7,5
5,8,3,9,5
5,1,8,2,11,5
5,1,8,2,12,5
5,1,8,2,13,5
5,1,8,2,15,5
5,1,8,2,2,5
5,5,9,2,21
5,1,1,8,2,2,16
5,1,3,8,2,2,14
5,1,3,8,2,2,12
5,1,3,7,2,2,12
5,5,7,2,2,2,8
14,5,2,2,8
31,7,2,2,4,4
31,8,6,4,4
columns
2
2
2
2
2
2
2
2
2
2
2
3
3
4,82
100
100
13,38,4,31
1,18,68
3,19,4,3
17,4,3
14,4,9
1,11,4,1,4
2,9,1,7
2,8,6,7
2,8,9
5,2
7,2
4,2,2
1,6,2
1,6,1,2
6,2,2
5,2
5,2
5,2
5,2,2
5,2,6
5,2,8
5,2,11
5,2,15
5,2,19,1
6,25,2
7,28,2
7,2,27,2
2,5,1,9,20
2,1,5,3,2,5,17
6,9,2,2,2,4,5,15
3,6,2,7,1,4,3,7,12
12,2,6,2,3,2,8,7
12,2,6,1,4,1,10
14,2,1,5,1,2,1,14
14,2,6,2,1,1,28
8,6,2,8,1,1,2,29
6,10,2,2,3,11,1
15,1,11,3,3,30
33,2,31
31,2,21,1,1
34,12,8,1
4,26,12,8,1
25,13,7,2
20,2,13,6,2
11,7,2,13,5,3
13,1,1,13,5,3
17,1,14,4,4
18,14,4,6
17,1,15,3,6,1
16,16,2,5,2
34,1,5,3
2,27,1,9
30,8
10,9,23
5,7,25
25
25
39
26,2
