title "balance"
by "Nonogrammer" from http://scc-forge.lancaster.ac.uk/open/nonogram/examples/Balance.non
copyright "&copy; Copyright P.R.H.Ainsworth November 2001"
maxrule 10
width 100
height 75
rows
6
22
32
43
53
62
69
73
77
83
6,3,11,1,11,3,6
3,3,1,3,3
3,3,3
5,3,5
1,1,3,5
2,2,3,2,1
1,2,3,2,2
2,1,5,1,1
2,2,5,2,2
1,2,5,1,1
2,1,5,2,2
1,2,7,1,2
2,1,7,2,1
2,2,7,2,2
1,2,7,1,1
2,1,2,2,2,2
1,2,9,1,1
2,1,9,2,1
1,2,9,1,2
2,1,9,2,1
1,2,3,3,2,2
2,2,11,1,1
1,1,11,2,2
2,2,11,1,1
2,1,11,2,1
1,2,4,4,1,2
2,1,13,2,1
1,2,13,1,2
2,2,13,2,1
1,1,13,2,2
13,2,13,1,1
13,1,13,2,1
13,2,13,1,2
13,1,13,2,1
13,1,13,1,2
13,10,2,13,2,1
13,10,1,13,1,2
14,10,2,13,2,23,2
14,10,1,13,1,23,1
14,10,2,13,2,23,2
15,10,2,13,1,23,1
1,13,10,1,13,2,23,2
2,13,10,2,5,5,1,23,1
2,13,10,2,5,5,2,23,2
42,13,41
42,13,41
41,5,5,40
41,5,5,39
39,13,39
39,13,38
37,5,5,37
37,5,5,36
35,13,34
33,2,2,32
30,21,29
26,25,25
21,28,21
11,32,11
36
36
7,8
36
36
74
100
columns
4,1
7,1
10,1
3,9,1
4,10,1
24,1
25,1
25,1
28,1
3,3,26,1
3,4,27,1
3,4,27,1
3,3,27,2
3,3,27,2
4,3,27,2
3,4,28,2
4,4,28,2
4,4,28,2
4,4,14,2
5,3,14,2
9,14,2
9,14,2
9,14,2
5,4,14,2
6,5,23,2
6,4,23,2
6,4,22,2
6,4,22,2
6,3,22,2
7,4,22,2
8,4,22,2
8,3,21,2
8,4,21,2
8,4,21,7
8,3,11,7
9,4,11,8
9,3,10,8
9,4,9,9
9,4,8,10
9,8,10
10,5,6,4
9,2,6,4
9,6,4
9,6,4
9,34,4
9,39,4
9,37,6,4
9,42,6,4
10,46,6,4
10,13,4,4,16,2,2,1,6,4
25,4,4,16,2,2,1,6,4
10,13,4,4,16,2,2,1,6,4
10,46,6,4
10,42,6,4
9,37,6,4
9,39,4
9,34,4
9,6,4
9,6,4
9,2,6,4
10,7,6,4
10,11,10
9,3,9,10
9,3,10,9
9,3,10,9
9,3,11,8
9,3,11,8
8,4,12,7
8,4,12,7
8,3,13,2
8,3,13,2
7,4,20,2
6,4,20,2
6,3,20,2
6,4,21,2
6,4,21,2
6,3,21,2
5,4,21,2
5,4,21,2
10,21,2
10,21,2
9,21,2
4,4,21,2
4,3,21,2
4,4,21,2
3,4,20,2
4,3,20,1
3,4,20,1
3,3,20,1
3,3,20,1
3,4,19,1
3,3,19,1
3,18,1
4,18,1
3,10,1
4,9,1
4,8,1
3,7,1
8,1
4,1
