title "beach scene"
by http://www.teall.info/2013/03/online-nonogram-solver.html

maxrule 35
width 100
height 70

rows
12,35,19
1,18,17
1,20,20,13
4,22,22
1,5,23,23,9
2,24,24
4,25,25
2,4,25,25
3,26,26
2,2,26,26
4,2,26,26
5,1,2,26,26
1,1,2,1,26,26
1,1,1,5,11,14,11,5
1,1,2,2,6,5,2,5,6,3,2
1,1,1,6,2,7,9
1,2,26
2,24,1
4,6,2,11,3,6
8,2,2,2,9,2,5
10,3,3,2,2,6,4
4,7,13,5,6,2,5,2,2,5
2,2,4,2,1,6,1,2,6,4,6,5
7,8,4,1,1,3,1,4,1,2,6,2,2,2,5
6,2,2,4,5,1,4,1,2,7,1,1,1,5
2,2,6,2,4,1,1,3,2,1,6,1,2,7,1,1,1,6
5,2,2,3,2,3,3,4,5,5,2,4,2,2,2,3
1,1,1,4,2,4,6,3,3,2,4,2,2,1,4
3,2,1,1,4,1,14,2,2,2,3,2,2,1,1,4
2,3,4,1,4,5,2,6,2,3,1,1,4
1,5,9,5,5,2,2,3,4,4
1,6,1,4,2,4,1,3,1,4,2,3,1,1,3
1,4,2,3,2,1,1,1,3,2,1,2,4,13,4
2,4,1,1,1,1,1,4,2,7,3,3,2,2
3,6,1,1,4,3,2,3,2,2,2,1,12,2
2,2,2,2,1,11,2,2,2,2,2,10,1,3,3
2,2,2,2,2,2,10,2,2,5,1,2,8,1,1,1,1,1
2,9,1,1,2,1,1,5,2,6,1,6,2,1,1,1,1
1,10,2,2,2,1,2,2,2,2,1,1,2,2,1
1,10,1,2,3,2,1,1,2,2,1,1,1,1
2,9,1,2,1,1,2,1,7,3,3,2,1,1,2
4,12,1,1,2,1,1,1,3,5,1,3,4
2,8,1,10,1,1,1,8,2,1,1,1,3
2,8,2,7,2,2,6,3,6,1,1,2,1
3,8,8,1,1,7,9,4,2
3,10,1,2,2,2,8,7,3,1,1,1
4,18,3,14,13,7,2,2,2,2
7,12,1,1,2,2,2,3,7,6,2,7,2
20,6,4,13,2,8,8,2,1,2,1
20,1,1,2,1,1,2,23,2,2,1
4,2,3,7,5,11,2,21,2,2,2
1,1,1,1,1,1,2,1,2,21,3,1,2
1,1,1,1,1,1,1,1,2,19,3,1,2
6,1,14,6,11,2,19,6,2
6,1,14,6,10,3,3,19,2,3
6,1,15,6,9,1,1,1,1,19,1,2
6,2,15,6,9,1,1,1,1,19,1,1,3
6,1,15,6,9,1,2,2,1,19,1,1,2
6,1,15,6,8,1,3,1,19,2,1,2
5,1,15,7,8,3,2,19,1,1,2
1,1,1,1,1,1,2,1,10,19,1,1,2
1,1,1,2,1,1,2,1,2,1,19,2,1,1
1,1,1,1,2,1,2,1,1,2,19,2,1,1
1,1,1,1,2,3,2,1,4,21,2,1,1
1,1,2,1,2,9,30,3,1,2
1,1,4,3,3,8,2,33,2
1,2,3,10,14,30,3,3
2,12,11,6,30,2,4
2,13,11,6,30,2,5
22,21,30,8

columns
6,1,2,1,4,7
1,1,2,1,2,2,3,7
1,1,2,1,5,2,1,5,7
1,1,2,1,2,3,1,7,7
6,6,2,1,10,16
1,3,1,5,1,17,3
2,2,2,4,3,3,1
5,2,2,5,4,3,1
1,3,1,2,4,9,2,1
3,1,1,2,6,9,5,11,1
3,2,1,1,2,1,7,5,3,2,1
7,2,1,1,1,1,2,1,17,1,1
1,1,1,2,1,1,1,1,1,1,14,3
1,1,2,3,1,1,1,18,10,3
1,2,1,2,2,3,1,15,7,2,3
1,1,1,2,1,8,21,1,3
1,1,1,2,2,10,10,7,1,3
1,1,3,2,6,2,1,8,7,5
1,1,4,2,4,3,1,6,7,4
1,5,2,1,4,4,7,4
1,5,3,4,7,3
1,5,3,1,1,7,3
1,6,2,2,1,1,1,7,2
7,1,2,1,1,1,7,2
7,3,2,1,4,1,1,1,7,2
8,8,2,3,2,1,1,1,7,1
8,12,2,2,3,1,1,7,1
9,12,1,1,4,15
9,5,5,7,3,6
10,4,1,2,9,3,3
11,4,1,1,2,3,3,10,3
11,4,1,2,1,2,3,1,18,2,3
12,3,3,2,5,1,1,7,2,3
12,12,3,3,2,3,1,7,6
12,24,4,7,5
14,2,8,3,2,11,5
14,1,1,7,3,2,5,4
15,1,2,2,4,2,3,1,4
15,1,2,4,1,4,10,2,3
15,1,2,1,6,9,1,3
16,6,2,2,1,1,1,7,2,2,2
13,1,2,2,3,2,1,1,1,7,5,2
12,1,3,3,1,2,1,1,1,7,4,1
11,1,5,5,1,1,1,1,1,7,3,1
10,1,1,6,1,1,1,1,1,1,7,4,1
9,2,1,4,1,1,1,1,1,1,15,1
8,1,1,5,1,3,1,1,1,5,6
7,1,1,6,1,1,1,1,2,5
6,1,5,5,1,1,4,4
5,2,3,3,7,1,3,4
4,1,2,2,4,6,1,2
3,1,6,3,3,2,1,2
2,1,2,2,1,1
1,1,1,1,2,1,1
1,1,1,1,7,2
1,25,1,9,2,2
1,25,1,1,12,1,2
1,1,1,2,1,1,2,2,1,3
1,1,2,1,1,1,1,1,10
2,1,1,7,2,1,1,1,2,2,1,7
3,1,3,9,4,1,4,4,1,6
4,1,3,11,9,1,2,6
5,2,12,3,6,6,6
6,12,2,8,7
7,15,6,27
8,15,4,27
9,9,32
10,6,2,2,2,24
11,5,2,3,2,23
12,4,1,4,1,22
13,3,2,1,1,3,2,21
15,2,2,1,4,1,21
14,2,3,1,4,1,21
14,2,1,1,1,4,1,21
14,2,6,1,1,4,1,21
14,3,2,5,1,4,1,21
13,3,2,1,4,1,21
12,5,2,1,1,3,2,22
12,3,1,1,4,1,22
12,3,2,3,2,24
11,4,2,31
1,11,4,33
1,10,8,4,5,27
1,9,13,4,9,7
1,9,12,1,7,3,6
1,8,2,15,4,4,5
1,8,1,1,12,2,9
1,1,7,2,10,6,1,6,8
1,1,7,4,1,13,2
1,1,6,4,1,3,2
1,1,5,4,2,2,16
1,1,1,5,4,1,2,3
1,1,1,5,4,1,2,1,1,2
1,1,1,4,4,5,2,1,1
1,1,1,3,1,4,1,4,1
1,1,1,2,7,2,1,2
1,1,1,2,1,5,4,3
1,1,1,1,4,1,7,4
1,1,1,1,2,3,5,6
1,1,1,1,7,11