width 78
height 78
title Lost
by http://scc-forge.lancaster.ac.uk/open/nonogram/puzzles

rows
3,2,2,2,2,2,2,2,2,2,2,2,2,2,2,2,2,2,2,2,2,2,1
1,3,2,2,3,2,2,2,2,3,2,3,3,3,3,2,3,2,2,3
1,2,3,3,2,3,2,3,2,3,2,2,3,2,2,3,3,3,3,3
2,3,2,2,3,2,2,2,2,2,3,2,2,3,2,2,2,2,2,1,1
3,71,2
3,1,5
1,1,1,2
2,1,4,1,1
3,1,12,1,1
1,2,15,5
4,19,4
4,20,3,1
1,1,1,17,6,1,2
2,2,16,7,5
5,18,7,3
2,1,31,5
1,6,32,1,2
1,7,34,3
9,36,4
2,8,36,2,2
2,11,38,1,1
17,39,1,1,1
1,11,39,4
1,1,10,40,5
2,61,1,1
5,56,3,1
1,1,53,4
5,44,5,5
2,2,40,5,1,2
1,1,40,6,3,1
3,1,40,7,4
5,38,8,1,2
2,36,13,1
3,1,37,11,1,1,1
5,37,8,3,1
1,2,32,9,2,1
2,25,11,1,3
1,1,23,7,3,1
3,1,24,3,9,2,1
5,24,2,7,1,1
2,26,11,3
1,1,26,1,11,3,1
5,26,3,3,15,1
2,2,26,8,4
1,26,8,5
2,1,26,7,1,2
2,2,26,8,2,1,1
4,27,8,1,3
1,3,27,8,3,2
1,1,1,27,7,2,1,1
1,2,26,7,2,3
4,26,3,9,4,1
3,1,25,2,11,5,1
1,2,26,1,17,1,1
6,26,21
5,25,20,1
3,1,25,9,20,1
1,2,24,4,19,1
5,22,1,20,2
4,20,1,24
1,2,19,2,3,23,1
1,3,19,21,2
5,19,2,25
4,20,4,24
1,3,36,28
1,1,3,22,37,2
6,18,3,3,28,1
1,2,17,2,29
2,3,17,27,2
1,1,21,3,19,2
23,1,28,2
2,21,2,35,1
2,20,7,36
1,20,8,34,1
1,1,2,3,2,2,2,2,2,2,3,3,3,3,3,2,3,2,2,3,5
1,1,2,2,2,3,3,2,2,2,2,2,3,2,2,3,3,3,3,3,1,1
3,3,2,3,3,3,2,2,3,2,3,3,2,3,3,3,3,2,3
3,3,2,3,3,2,2,3,3,2,3,3,3,3,2,2,2,2,3,2

columns
3,3,2,3,2,2,2,2,2,2,2,2,2,2,3,3,3,2,2,2,2
1,2,2,2,3,3,3,2,2,3,3,2,3,3,3,2,3,3,3,2
1,1,2,2,3,2,2,2,3,3,2,2,2,3,2,3,2,3,2,2,5
2,3,2,3,2,3,2,2,3,2,2,3,2,2,3,3,3,2,2
1,16,2,51
5,6,1,3,1,3,10
1,1,1,6,1,2,5,3
3,7,1,6,2
1,2,7,1,1,2,10
2,2,9,10,13
2,1,8,16,10,2
1,3,7,19,12
5,7,19,16
1,1,7,35,2
1,3,6,36,2
1,3,7,42,1
1,7,1,43,1
2,1,6,3,41,2
3,1,51,2
5,54
2,52,1
5,50,2
3,1,55,2
2,60
1,2,53,1
3,1,52,1,1
1,1,1,51,1,1
4,52,2
2,2,54,5
1,1,1,56,4,1
1,1,56,3,3
2,2,50,1,1,2,2
5,50,1,2,1
1,1,48,1,6
4,42,1,6
1,2,41,1,3,1
2,1,34,1,1,1
1,2,31,2,2,1,1
4,29,2,4
3,1,29,4,3
1,2,29,4,2,1
3,29,3,4,1,1
4,29,4,7
2,1,29,3,6
2,1,5,22,1,3,4,1
3,4,21,1,1,2,3,1,1
5,5,21,1,1,1,1,8
3,1,27,1,1,1,8,2
1,1,26,2,2,12
1,3,25,1,2,1,9,1,1
5,25,1,2,1,5,5,2
1,1,23,1,2,1,5,5,2
1,2,21,3,1,7,6
2,20,1,1,14,3
1,3,17,16,3
3,1,16,1,20,2
1,2,14,2,22
5,12,1,1,22,1
1,1,1,10,1,27
2,1,7,5,26,2
2,1,6,1,40
1,3,51,1,1
4,54
2,1,51,1
2,2,49,2
1,3,48,1
1,1,9,9,26
5,7,5,3,25
2,2,6,3,21,3
1,1,2,1,3,22,1
1,1,1,2,1,1,22
1,3,2,1,1,27
1,2,1,1,23,4,3
2,43,21,6,1
1,1,2,3,3,3,2,3,2,2,2,2,2,2,2,3,2,3,2,2,1,1
3,3,3,3,2,3,3,3,2,2,2,2,2,2,3,3,3,3,2,3
2,3,2,2,2,2,2,3,2,2,2,3,2,2,2,2,2,2,3,2,2
2,3,2,3,2,3,3,3,3,2,2,3,3,2,2,3,3,3,2,1